0.000000000000000000000000000000000E+0000
2.831220626831054687500000000000000E-0007
3.576278686523437500000000000000000E-0007
3.486871719360351562500000000000000E-0006
8.940696716308593750000000000000000E-0007
2.089887857437133789062500000000000E-0006
8.668750524520874023437500000000000E-0006
2.213567495346069335937500000000000E-0005
1.641549170017242431640625000000000E-0005
6.449036300182342529296875000000000E-0005
1.932308077812194824218750000000000E-0005
2.141483128070831298828125000000000E-0005
2.674199640750885009765625000000000E-0005
3.030616790056228637695312500000000E-0005
7.279217243194580078125000000000000E-0005
6.109010428190231323242187500000000E-0005
3.091711550951004028320312500000000E-0005
1.016035676002502441406250000000000E-0004
1.414893195033073425292968750000000E-0004
4.694517701864242553710937500000000E-0005
5.804654210805892944335937500000000E-0005
5.449634045362472534179687500000000E-0005
1.332890242338180541992187500000000E-0004
3.227964043617248535156250000000000E-0005
1.039989292621612548828125000000000E-0004
2.644117921590805053710937500000000E-0004
7.248977199196815490722656250000000E-0004
1.011709682643413543701171875000000E-0004
1.048310659825801849365234375000000E-0004
4.360731691122055053710937500000000E-0004
1.443726941943168640136718750000000E-0004
3.052665852010250091552734375000000E-0004
4.067909903824329376220703125000000E-0004
2.050986513495445251464843750000000E-0004
9.646727703511714935302734375000000E-0004
2.852897159755229949951171875000000E-0004
7.971138693392276763916015625000000E-0004
1.039053313434123992919921875000000E-0004
2.531701233237981796264648437500000E-0003
8.371518924832344055175781250000000E-0004
1.482892781496047973632812500000000E-0003
1.939348876476287841796875000000000E-0003
3.669476136565208435058593750000000E-0004
2.391535323113203048706054687500000E-0003
3.557829186320304870605468750000000E-0004
7.964200340211391448974609375000000E-0004
1.140899490565061569213867187500000E-0003
5.244608037173748016357421875000000E-0004
1.814086921513080596923828125000000E-0003
4.737465642392635345458984375000000E-0004
1.991041004657745361328125000000000E-0003
2.336263889446854591369628906250000E-0003
4.672664217650890350341796875000000E-0004
7.410966791212558746337890625000000E-0004
2.015089616179466247558593750000000E-0003
2.275902777910232543945312500000000E-0003
2.136208582669496536254882812500000E-0003
2.028002636507153511047363281250000E-0003
3.339415416121482849121093750000000E-0004
3.976025385782122611999511718750000E-0003
8.957823738455772399902343750000000E-0004
1.273291185498237609863281250000000E-0003
3.873642999678850173950195312500000E-0004
2.268628450110554695129394531250000E-0003
6.267626304179430007934570312500000E-0004
2.877883613109588623046875000000000E-0003
8.841692470014095306396484375000000E-0004
4.882549401372671127319335937500000E-0004
4.728320054709911346435546875000000E-0004
5.672470200806856155395507812500000E-0003
1.868739724159240722656250000000000E-0003
3.278241958469152450561523437500000E-0003
1.751781906932592391967773437500000E-0003
2.561400411650538444519042968750000E-0003
5.441241897642612457275390625000000E-0003
1.657910877838730812072753906250000E-0003
9.446407202631235122680664062500000E-0004
2.504752483218908309936523437500000E-0003
9.431428974494338035583496093750000E-0003
3.175529185682535171508789062500000E-0003
1.313560642302036285400390625000000E-0003
5.165259819477796554565429687500000E-0003
2.552853431552648544311523437500000E-0003
1.347514335066080093383789062500000E-0003
9.124174015596508979797363281250000E-0003
7.236740784719586372375488281250000E-0003
4.194654989987611770629882812500000E-0003
1.999721163883805274963378906250000E-0003
2.846415387466549873352050781250000E-0003
9.661362040787935256958007812500000E-0003
1.108695054426789283752441406250000E-0003
1.591281732544302940368652343750000E-0003
1.099779689684510231018066406250000E-0002
1.816011033952236175537109375000000E-0003
3.052036277949810028076171875000000E-0003
1.311933784745633602142333984375000E-0002
1.970525598153471946716308593750000E-0003
1.662490656599402427673339843750000E-0003
7.673870539292693138122558593750000E-0003
5.008886801078915596008300781250000E-0003
7.065000245347619056701660156250000E-0003
8.809629594907164573669433593750000E-0003
1.686895103193819522857666015625000E-0002
9.206292568705976009368896484375000E-0003
1.794503338169306516647338867187500E-0002
2.599079627543687820434570312500000E-0003
1.969667954836040735244750976562500E-0002
3.178049111738801002502441406250000E-0003
1.759993843734264373779296875000000E-0002
6.791594787500798702239990234375000E-0003
8.736002258956432342529296875000000E-0003
8.840914000757038593292236328125000E-0003
3.562847268767654895782470703125000E-0003
5.922082229517400264739990234375000E-0003
2.704920223914086818695068359375000E-0002
1.145238324534147977828979492187500E-0002
4.259369219653308391571044921875000E-0003
1.821016718167811632156372070312500E-0002
3.867489169351756572723388671875000E-0003
3.263630729634314775466918945312500E-0002
1.070764858741313219070434570312500E-0002
9.674981934949755668640136718750000E-0003
1.287645252887159585952758789062500E-0002
1.408735406585037708282470703125000E-0003
1.269570540171116590499877929687500E-0002
1.818943209946155548095703125000000E-0002
1.138937170617282390594482421875000E-0002
1.047993195243179798126220703125000E-0003
3.931432380340993404388427734375000E-0003
1.542553794570267200469970703125000E-0002
1.267725171055644750595092773437500E-0002
1.855450810398906469345092773437500E-0002
1.714282622560858726501464843750000E-0002
4.813494277186691761016845703125000E-0003
8.598665939643979072570800781250000E-0003
2.890604897402226924896240234375000E-0003
2.933995914645493030548095703125000E-0003
3.033381083514541387557983398437500E-0002
4.074816242791712284088134765625000E-0003
6.548094912432134151458740234375000E-0003
1.957190944813191890716552734375000E-0002
3.681490896269679069519042968750000E-0003
1.366045733448117971420288085937500E-0002
3.411291865631937980651855468750000E-0003
5.861402023583650588989257812500000E-0003
4.297720978502184152603149414062500E-0002
1.191641634795814752578735351562500E-0002
1.058190059848129749298095703125000E-0002
6.125830230303108692169189453125000E-0003
4.638007015455514192581176757812500E-0002
1.142563077155500650405883789062500E-0002
6.714141578413546085357666015625000E-0003
2.307295787613838911056518554687500E-0002
3.360346774570643901824951171875000E-0002
8.671286865137517452239990234375000E-0003
1.249942369759082794189453125000000E-0002
1.363796635996550321578979492187500E-0002
8.987688692286610603332519531250000E-0003
3.394113481044769287109375000000000E-0002
1.418360520619899034500122070312500E-0002
5.551791435573250055313110351562500E-0002
4.305864800699055194854736328125000E-0003
3.812265652231872081756591796875000E-0002
2.354546787682920694351196289062500E-0002
1.284979027695953845977783203125000E-0002
3.903475240804255008697509765625000E-0003
6.021435582078993320465087890625000E-0002
3.367958520539104938507080078125000E-0002
5.551497160922735929489135742187500E-0002
2.025581605266779661178588867187500E-0002
5.710389709565788507461547851562500E-0002
3.341016545891761779785156250000000E-0002
1.626211788970977067947387695312500E-0002
6.085890810936689376831054687500000E-0003
7.169585209339857101440429687500000E-0003
8.760927827097475528717041015625000E-0003
8.880402776412665843963623046875000E-0003
1.455548487138003110885620117187500E-0002
7.460430148057639598846435546875000E-0003
9.247075417079031467437744140625000E-0003
1.487060065846890211105346679687500E-0002
1.045307260937988758087158203125000E-0002
2.770538209006190299987792968750000E-0002
7.219575694762170314788818359375000E-0003
7.117488537915050983428955078125000E-0003
3.923178650438785552978515625000000E-0002
5.799594568088650703430175781250000E-0003
6.438961613457649946212768554687500E-0002
6.484968238510191440582275390625000E-0003
8.133956347592175006866455078125000E-0003
9.597540250979363918304443359375000E-0003
4.586365900468081235885620117187500E-0002
1.568797393701970577239990234375000E-0002
4.511482082307338714599609375000000E-0003
1.285046339035034179687500000000000E-0002
3.601391054689884185791015625000000E-0002
1.469018508214503526687622070312500E-0002
1.567563007120043039321899414062500E-0002
4.249420471023768186569213867187500E-0002
6.655911821871995925903320312500000E-0002
