0.000000000000000000000000000000000E+0000
7.450580580270482755622651893645525E-0008
1.067916563374238236860946926753968E-0007
1.601874770815192583484076749300584E-0007
2.235174244927251585579597303876653E-0007
2.599424777094405669686238979920745E-0007
3.904862544423792769521242007613182E-0014
3.819429394286144585635156545322388E-0007
4.146602831517354204038383613806218E-0007
4.664935134394976312677272289874963E-0007
5.130870951441934835202118847519159E-0007
5.544800548151762598081404576078057E-0007
6.345010515398930017738621245371178E-0007
6.696487297140618633051190045080148E-0007
7.056320867494109139173019684676547E-0007
7.610114888915997521934286851319484E-0007
8.190186997266563073694101149158087E-0007
8.512930602267571034147408681747038E-0007
9.128176377617980286061083461390808E-0007
9.546059363575720713157579666585661E-0007
1.013918342483016710176002561638597E-0006
1.057529811904905914232699615240563E-0006
1.090312659175057818927712105505634E-0006
1.159496547444363589995930396980839E-0006
1.216368341589932344781743722705869E-0006
1.257446803140660485098578647011891E-0006
1.320333208320277618152971399467788E-0006
1.351719546850184416886264671120443E-0006
1.413354238403823071035247949112090E-0006
1.461099405350614610643589230676298E-0006
1.506144677879128757069793209666386E-0006
1.532446945650030312169320723114652E-0006
1.605324168205309043333528506991570E-0006
1.672532650500400952520152486613370E-0006
1.708630386081447238844077674002619E-0006
1.736648361531575868177412758086575E-0006
1.809860880323810317094057609210722E-0006
1.842151064913345737128480550381937E-0006
1.695473352520716903146791310064145E-0006
1.975718009130864039057939862686908E-0006
2.003860425534194356078643295404618E-0006
2.064411598194301755704316292394651E-0006
2.102539774754760837360834102582885E-0006
2.153320786941678721682080777100055E-0006
2.205019442970586329710869222253677E-0006
2.250218815138399497399745996517595E-0006
2.301474750793057466591307047565351E-0006
2.358576389317398880329790245014010E-0006
2.403077881392955139627787275458104E-0006
2.453028257278812296338088572156266E-0006
2.505132035182135175066520105247037E-0006
2.543209399448118079867242613545386E-0006
2.598704550260937801153815485122323E-0006
2.651855612741463308346112626168178E-0006
2.692220758809989178406141263621976E-0006
2.758746739752338666962216962019738E-0006
2.800110502658523931041045784695598E-0006
2.859396594231001370589595467208710E-0006
2.896923562435357868416474502737401E-0006
2.943692251302764545384249572634872E-0006
3.002950983427201542275142287508061E-0006
3.051042141307813010397964603725995E-0006
3.098134226249462525037969840013830E-0006
3.148921320310967691957770853150578E-0006
3.199874002892365287831211162483669E-0006
3.229004402791491729063366733498697E-0006
3.300573568018085046649190417156206E-0006
3.348982170558664761550460298167309E-0006
3.386332639486455686750332461087964E-0006
3.450953304334671706277148928165843E-0006
3.468331627388705068470997616714158E-0006
3.542525559703003923406328112832853E-0006
3.593187975293836433632321814002353E-0006
3.604185769015555429461983294459060E-0006
3.693202591982178151219784467684804E-0006
3.738735199757935862008295657687995E-0006
3.797589861423856377742325207691465E-0006
3.843794105326970439451272909536783E-0006
3.893351302818905124158987973714829E-0006
3.944258940377903116525359905608639E-0006
4.001035988403667947865827159148466E-0006
4.043134207573888944109441467844590E-0006
4.090504464279373642021653267875081E-0006
4.140874881781737154584632776277431E-0006
4.204698728041411648348457674728706E-0006
4.247596368627416102414784404572856E-0006
4.285153872454847828743496052084083E-0006
4.335400998518954690519322525688040E-0006
4.390419667548058069161953653747332E-0006
4.450127905405911604708180107081716E-0006
4.486980172562198693197998977666430E-0006
4.534312111449147197905773509774008E-0006
4.590561542343069706406666341536038E-0006
4.600047734053258619013604402425699E-0006
4.686679746359733583771500775583263E-0006
4.748454660901974683229198603839905E-0006
4.784364881417913634154004398624238E-0006
4.832877180298636443644966220745118E-0006
4.890647410068713063502343629807001E-0006
4.929221609128488224005337769995094E-0006
5.142681824928628520066098417373723E-0006
5.040148736661434480943455582746537E-0006
6.780502808528821034883549145888537E-0012
5.135098989639697714126853611560364E-0006
5.170614620599077795870535112499056E-0006
5.237617644297202362801968433814181E-0006
5.293065174369554828914807842465962E-0006
5.385862657557695734600322623464308E-0006
5.390594613800337234210680037449492E-0006
5.437561824244525540694716880807391E-0006
5.482453686345015522740631297438085E-0006
5.528309971840382822105830484815669E-0006
5.579671573016295460512026238575345E-0006
5.647052627730849566622950419514382E-0006
5.683386961297890588307168968640326E-0006
5.715270936011360158879313075885875E-0006
5.777114800686964507514531419474224E-0006
5.834202263113293443486107037188049E-0006
5.877611708550835659115030296106852E-0006
5.914282125819327051718943266678252E-0006
5.996264055344079427212200528174435E-0006
6.018939163557031693518872828008170E-0006
6.077914860215093834083788237876433E-0006
6.137968616669970886579044133668503E-0006
6.178563773195358196921311844107549E-0006
6.232666470446868514643234959748952E-0006
6.277858638439057573088497576918598E-0006
6.328574007235295700857236056435795E-0006
6.367955765432253834035236650379375E-0006
6.444171407021803688053296355064958E-0006
6.474573193574221716128924697386537E-0006
6.528663742461169455788549953467736E-0006
6.568160879950185604414514273230452E-0006
6.643653657711478394132242897285323E-0006
6.660482372789194166484705306174874E-0006
6.732374079424299773144468872487778E-0006
6.773414669895925360743049736811372E-0006
6.832929881692498264023072351847077E-0006
6.874937325633372064981330140653881E-0006
6.928580255203924120888103743709507E-0006
6.972207203057283891878270765118941E-0006
7.019249981097489682335677230184956E-0006
7.072271050389709531880377824109019E-0006
7.112858255418214037391066995041911E-0006
7.174604706013327018454539540925907E-0006
7.223750921919475792565279448353976E-0006
7.275561113079991384933187248407194E-0006
7.321083682040700757465145898095216E-0006
7.369074060632535214110383492425171E-0006
7.436776065930256890412763937092677E-0006
7.467056548747172395330551353254123E-0006
7.515599644898661793601668534847704E-0006
7.562182810202542834754346756653831E-0006
7.621742153383209705808098988200072E-0006
7.667137449859917630590189219219610E-0006
7.717121333583121592369913344100496E-0006
7.751976592671599997075304600002710E-0006
7.832743877771164431322858945350163E-0006
7.866890992251152417424897578257514E-0006
7.931656759671470297012874084430223E-0006
7.973365851413278040937804291843349E-0006
8.002604586251947996200506452169066E-0006
8.065305634939474305200590720232867E-0006
8.109752548339033487168059366467787E-0006
8.152257536683370914287749542381789E-0006
8.224583341134763386781614258325135E-0006
8.216245570841565482034241085784743E-0006
8.331279341788292575055052679999790E-0006
8.363522632304568049654847072815755E-0006
8.404610547669980405438572290677257E-0006
8.467256948065104982248385567800142E-0006
8.508266254925395469244087109927932E-0006
8.558935297355929963658560666317499E-0006
8.608226185719035708499013992422988E-0006
8.660777094818142632370872036062792E-0006
8.696674453415303290837456984263554E-0006
8.767417364949044514266240923916484E-0006
8.828707568104589287205641312539228E-0006
8.861067797812051047290360372699070E-0006
8.914638586934257175053986088641977E-0006
8.962275840218017139426898154397350E-0006
9.044505569200372158134015876385092E-0006
9.056393467478125042235959085701325E-0006
9.091352072728093106079860774570989E-0006
9.157723603964596642557083328028966E-0006
9.205102268229452266989909503536182E-0006
9.254544783096878973749355168365582E-0006
9.225567312434734823511917056748644E-0006
9.363745999700677849486574189086241E-0006
9.410871994119983721671651721862872E-0006
9.457505672235029525740657163623837E-0006
9.507309877248388760295760846474877E-0006
9.557367001168269246558217844267347E-0006
9.609598000878249307588063743423845E-0006
9.655872569173723149460464298954321E-0006
9.701258558854211969113556790489383E-0006
9.773669029642913577693441595783952E-0006
9.813310789357800045795698906658799E-0006
9.845583901292413731010100264029461E-0006
9.916581996486165118120936767809326E-0006
