0.000000000000000000000000000000000E+0000
7.450580596923828125000000052963073E-0008
1.067916552225748697916666665864196E-0007
1.601874828338623046875000027625058E-0007
2.235174179077148437499999986097193E-0007
2.599424786037868923611111115150214E-0007
1.179632090937181959996786489833268E-0032
3.819429391139262431376689172909876E-0007
4.146602891740344819568452598979401E-0007
4.664935330127147918051861665785336E-0007
5.130870984150813176081730755274722E-0007
5.544800507394891036184210466526435E-0007
6.345010572864163306451612992200081E-0007
6.696487318223981714960354474614577E-0007
7.056320707003275553385416714885131E-0007
7.610114944445622431767451320261709E-0007
8.190187012276998380335365859206228E-0007
8.512930623416242928340517324070814E-0007
9.128175999807274859884511003398377E-0007
9.546056389808654785156249282876976E-0007
1.013918104125004188687193498664387E-0006
1.057529839399819062134929865567151E-0006
1.090312642710549490792410735192802E-0006
1.159496605396270751953124607024527E-0006
1.216368352780576612128586010842803E-0006
1.257446807200514425442913419337135E-0006
1.320333191842743844696969743987442E-0006
1.351719545404406359595973994179185E-0006
1.413354151685472945092429582476932E-0006
1.461099402434160920227466013970725E-0006
1.506144671063674123663651326983031E-0006
1.532446806597861514729299383458890E-0006
1.605324171207569263599537045856665E-0006
1.672532654807953063599363774841334E-0006
1.708630385786988014398619178937734E-0006
1.736648254475351107322563552617913E-0006
1.809861674741074279114440160981056E-0006
1.842151072254792891721674468414270E-0006
1.695472747087478637695312648048341E-0006
1.975718110345946955801871794256500E-0006
2.003860392487875305780089643121510E-0006
2.064411460921384286189424918327215E-0006
2.102539786752664817954009429059248E-0006
2.153320795929376980126728102122646E-0006
2.205019464363922943940033728796695E-0006
2.250218936262676894402188895213812E-0006
2.301474712018308968379579760114894E-0006
2.358576385029257601323510082207976E-0006
2.403077784894911710881004708812164E-0006
2.453028250802383731733932205630463E-0006
2.505132071082554166279142066153700E-0006
2.543209120631217956542970039408969E-0006
2.598704571146091432061814217482931E-0006
2.651855572779080394501989560533486E-0006
2.692220732569694519042968827520185E-0006
2.758746415322868402253850014307570E-0006
2.800110489764112107297207377368468E-0006
2.859396379739565301024540071106240E-0006
2.896923520793653514287243140140429E-0006
2.943691938663973952784682807260909E-0006
3.002950958660896250743739655520571E-0006
3.051042332274517717889543475769829E-0006
3.098134094705948462853064878245464E-0006
3.148921345263625545080527911047643E-0006
3.199873966459902176945846311129358E-0006
3.229004305300362613223014677261038E-0006
3.300573542175522769790097944289540E-0006
3.348982088732082695211076581850667E-0006
3.386332451948645519234283737019993E-0006
3.450953398941229674589393225324264E-0006
3.468329933556643399325284327518544E-0006
3.542518243193626403808586234516553E-0006
3.593187851224156374430788064310853E-0006
3.604185374133918200916425588537670E-0006
3.693202230077917857836651540614172E-0006
3.738735187354075181389360707702024E-0006
3.797589698855165411664553407227458E-0006
3.843793876526891723159671945669248E-0006
3.893351258367908244230310158612178E-0006
3.944259601403543871055623210683702E-0006
4.001035915678413353156094572995099E-0006
4.043133874453549303059495887029013E-0006
4.090504377212339234583586291540110E-0006
4.140874571937451259695368750818999E-0006
4.204698524910126817169912416442802E-0006
4.247595955218587602887835202281917E-0006
4.285153139520574499059606661901509E-0006
4.335401422030865736902441624608843E-0006
4.390420021312269150401675302925410E-0006
4.450128032457108465617134797619750E-0006
4.486980295814244093093196832578900E-0006
4.534312081676082485875102579211482E-0006
4.590561540869923381062297177523442E-0006
4.600047490836721416203826953395370E-0006
4.686679596365508386644266444355410E-0006
4.748454555650427156524338415446927E-0006
4.784375065898994192542867333137254E-0006
4.832877144523469819180529704566152E-0006
4.890647421522838313405106853548038E-0006
4.929221015970711736851775347011685E-0006
5.142681627159574592255975956425385E-0006
5.040148776428704195944280049379139E-0006
3.252504133007714661710092454510232E-0029
5.135098985635911472992002397059622E-0006
5.170614173157690128604114180461098E-0006
5.237618107808156529232944297331542E-0006
5.293065065840133150717369677163818E-0006
5.385863162868515739227806719658458E-0006
5.390594723699717504072012898194056E-0006
5.437561755206510833238117058915788E-0006
5.482453043046204940132472619406870E-0006
5.528309484492298516593672858881624E-0006
5.579671617000764799287734819552739E-0006
5.647052256833939325241815014488663E-0006
5.683386242473042094624126126236969E-0006
5.715271010930348103752995662852023E-0006
5.777114746240815755837560935015352E-0006
5.834202244052793545048728340805831E-0006
5.877611378358828054892050402216022E-0006
5.914282109869185404561871928915696E-0006
5.996263929429244361446545850159504E-0006
6.018938915573882899527887476484712E-0006
6.077916884880050335055082527505479E-0006
6.137968597984970871787789844917066E-0006
6.178564652560991489618921344364619E-0006
6.232666337425914107327256244710447E-0006
6.277858326801016360898561717970196E-0006
6.328573745779190183247277466397000E-0006
6.367955821046948061553859857500738E-0006
6.444171399246596110843617110132888E-0006
6.474573108041944679307060194554791E-0006
6.528663742419791548219445634008069E-0006
6.568160898465764486537599143913463E-0006
6.643654338769737569645963746714268E-0006
6.660480894857928866431829032165205E-0006
6.732373722612945860914852854544175E-0006
6.773414860460415613616317238169893E-0006
6.832932074604423112050243552595828E-0006
6.874937111931729178897218281156528E-0006
6.928580139671456352025911887871166E-0006
6.972209144479189163599256584621186E-0006
7.019249315319590723666308142075941E-0006
7.072271350143330820490804384527567E-0006
7.112858124659234343546038884925295E-0006
7.174604693608270787796485341371170E-0006
7.223750226343104403153410997015915E-0006
7.275561293169774644361819090457854E-0006
7.321080161331870986131026439868660E-0006
7.369073868460571669504006318743844E-0006
7.436775485205762038428780898107644E-0006
7.467054603423209900551654986278121E-0006
7.515600015122635361382952001738545E-0006
7.562182863240479797203083762273553E-0006
7.621746484768204148154530888180788E-0006
7.667137223049766659118968376200950E-0006
7.717121791626725878034319838647161E-0006
7.751976292285010637834553817448206E-0006
7.832743993130769329725408560280644E-0006
7.866890019163338824956104586190703E-0006
7.931656762723865891938825770946358E-0006
7.973366679433278014832303742513059E-0006
8.002604886455532934290474080895112E-0006
8.065305682348793950574151528906441E-0006
8.109751222438590471134628480945302E-0006
8.152257379171622060511234336164834E-0006
8.224582011296786593122378675217743E-0006
8.216244168579578399658208448949144E-0006
8.331279753258934727421512421459720E-0006
8.363522547175510478982449781582260E-0006
8.404611581287741520328815546537741E-0006
8.467257464470717828598380649054056E-0006
8.508266501841564579076778271299110E-0006
8.558935222157607775553196537394262E-0006
8.608226104711441295232190099566776E-0006
8.660776608990966726880554807885623E-0006
8.696674272638905959091273031944872E-0006
8.767417129424829331655351996816257E-0006
8.828707932879919398328228971616547E-0006
8.861067592095366507902274175801494E-0006
8.914638502749644527201402703030118E-0006
8.962276916199274972378547087695447E-0006
9.044503629856559118336064085544922E-0006
9.056393122463895563493696287542409E-0006
9.091351726656066682372513570814296E-0006
9.157723159309064488607477951696746E-0006
9.205101656666208368031852675301663E-0006
9.254544429768820177332015270699893E-0006
9.225566623972981309432739293119286E-0006
9.363746288333349167161685894676037E-0006
9.410872385731909066092502652639149E-0006
9.457505417659002191880171709756533E-0006
9.507310159247497032428610044180720E-0006
9.557366828103075404177088914850244E-0006
9.609598207991520152836575738457211E-0006
9.655871489870940706857437096974964E-0006
9.701257912840545482498840290688933E-0006
9.773669445739258573885604912493910E-0006
9.813310466178342805686571603803464E-0006
9.845581746870471585181452379610021E-0006
9.916582188700720921921036113399178E-0006
